diary on

U = [-3 6 4 0 1]

U =

    -3     6     4     0     1

V = [-3; 6; 4; 0; 1]

V =

    -3
     6
     4
     0
     1

W = U'

W =

    -3
     6
     4
     0
     1

W2=V'

W2 =

    -3     6     4     0     1

U-V

ans =

     0     9     7     3     4
    -9     0    -2    -6    -5
    -7     2     0    -4    -3
    -3     6     4     0     1
    -4     5     3    -1     0

U-V'

ans =

     0     0     0     0     0

U'-V

ans =

     0
     0
     0
     0
     0

U(1)

ans =

    -3

U(5)

ans =

     1

V(5)

ans =

     1

U(2:4)

ans =

     6     4     0

U(3:END)
{Undefined function or variable 'END'.
} 
U(3:end)

ans =

     4     0     1

U(:)

ans =

    -3
     6
     4
     0
     1

U(1:end)

ans =

    -3     6     4     0     1

length(U)

ans =

     5

x=0:0.1:2

x =

  Columns 1 through 10

         0    0.1000    0.2000    0.3000    0.4000    0.5000    0.6000    0.7000    0.8000    0.9000

  Columns 11 through 20

    1.0000    1.1000    1.2000    1.3000    1.4000    1.5000    1.6000    1.7000    1.8000    1.9000

  Column 21

    2.0000

U2=(0:0.1:2)

U2 =

  Columns 1 through 10

         0    0.1000    0.2000    0.3000    0.4000    0.5000    0.6000    0.7000    0.8000    0.9000

  Columns 11 through 20

    1.0000    1.1000    1.2000    1.3000    1.4000    1.5000    1.6000    1.7000    1.8000    1.9000

  Column 21

    2.0000

U2(10)

ans =

    0.9000

linespace(0,2,100)
{Undefined function or variable 'linespace'.
} 
linspace(0,2,100)

ans =

  Columns 1 through 18

         0    0.0202    0.0404    0.0606    0.0808    0.1010    0.1212    0.1414    0.1616    0.1818    0.2020    0.2222    0.2424    0.2626    0.2828    0.3030    0.3232    0.3434

  Columns 19 through 36

    0.3636    0.3838    0.4040    0.4242    0.4444    0.4646    0.4848    0.5051    0.5253    0.5455    0.5657    0.5859    0.6061    0.6263    0.6465    0.6667    0.6869    0.7071

  Columns 37 through 54

    0.7273    0.7475    0.7677    0.7879    0.8081    0.8283    0.8485    0.8687    0.8889    0.9091    0.9293    0.9495    0.9697    0.9899    1.0101    1.0303    1.0505    1.0707

  Columns 55 through 72

    1.0909    1.1111    1.1313    1.1515    1.1717    1.1919    1.2121    1.2323    1.2525    1.2727    1.2929    1.3131    1.3333    1.3535    1.3737    1.3939    1.4141    1.4343

  Columns 73 through 90

    1.4545    1.4747    1.4949    1.5152    1.5354    1.5556    1.5758    1.5960    1.6162    1.6364    1.6566    1.6768    1.6970    1.7172    1.7374    1.7576    1.7778    1.7980

  Columns 91 through 100

    1.8182    1.8384    1.8586    1.8788    1.8990    1.9192    1.9394    1.9596    1.9798    2.0000

U2=0:1:5

U2 =

     0     1     2     3     4     5

U3=linspace(0,5,5)

U3 =

         0    1.2500    2.5000    3.7500    5.0000

U3=linspace(0,5,6)

U3 =

     0     1     2     3     4     5

helplinspace
{Undefined function or variable 'helplinspace'.
} 
help linspace
 <strong>linspace</strong> Linearly spaced vector.
    <strong>linspace</strong>(X1, X2) generates a row vector of 100 linearly
    equally spaced points between X1 and X2.
 
    <strong>linspace</strong>(X1, X2, N) generates N points between X1 and X2.
    For N = 1, <strong>linspace</strong> returns X2.
 
    Class support for inputs X1,X2:
       float: double, single
 
    See also <a href="matlab:help logspace">logspace</a>, <a href="matlab:help colon">colon</a>.

    <a href="matlab:doc linspace">Reference page for linspace</a>
    <a href="matlab:matlab.internal.language.introspective.overloads.displayOverloads('linspace')">Other functions named linspace</a>

A=[1 2 3;4 5 6; 7 8 9]

A =

     1     2     3
     4     5     6
     7     8     9

A(2,3)

ans =

     6

A(2,3)=100

A =

     1     2     3
     4     5   100
     7     8     9

A(:,2)

ans =

     2
     5
     8

A(2,:)

ans =

     4     5   100

A(:,2:3)

ans =

     2     3
     5   100
     8     9

A(3,:)=[]

A =

     1     2     3
     4     5   100

B=A([2 3],[2 3])
{Index exceeds matrix dimensions.
} 

B=A([2 3],[2 3])
{Index exceeds matrix dimensions.
} 

A([3 1 2],:)
{Index exceeds matrix dimensions.
} 
 A=[1 2 3;4 5 6; 7 8 9]

A =

     1     2     3
     4     5     6
     7     8     9

B=A([2 3],[2 3])

B =

     5     6
     8     9

 A([3 1 2],:)

ans =

     7     8     9
     1     2     3
     4     5     6

A(:)

ans =

     1
     4
     7
     2
     5
     8
     3
     6
     9

size(A)

ans =

     3     3

eye(5)

ans =

     1     0     0     0     0
     0     1     0     0     0
     0     0     1     0     0
     0     0     0     1     0
     0     0     0     0     1

zeros(5)

ans =

     0     0     0     0     0
     0     0     0     0     0
     0     0     0     0     0
     0     0     0     0     0
     0     0     0     0     0

B=A'

B =

     1     4     7
     2     5     8
     3     6     9

A+B

ans =

     2     6    10
     6    10    14
    10    14    18

A*B

ans =

    14    32    50
    32    77   122
    50   122   194

C=A*B

C =

    14    32    50
    32    77   122
    50   122   194

D=A:*B
 D=A:*B
     
{Error: Unexpected MATLAB operator.
} 
D=A.*B

D =

     1     8    21
     8    25    48
    21    48    81

A^2

ans =

    30    36    42
    66    81    96
   102   126   150

A.^2

ans =

     1     4     9
    16    25    36
    49    64    81

diag(A)

ans =

     1
     5
     9

inv(A)
[Warning: Matrix is close to singular or badly scaled. Results may be inaccurate. RCOND =  2.202823e-18.] 

ans =

   1.0e+16 *

    0.3153   -0.6305    0.3153
   -0.6305    1.2610   -0.6305
    0.3153   -0.6305    0.3153

det(A)

ans =

  -9.5162e-16

Untitled

U =

     1     2

